M_N2:=[];
//------------
M:=[];
M[ 1 ]:=Matrix([
[ 1, 0, 0, 0 ]
,
[ 0, 1, 0, 0 ]
,
[ 0, 0, 1, 0 ]
,
[ 0, 0, 0, 1 ]
]);
M[ 2 ]:=Matrix([
[ 7, 1, 1, 9 ]
,
[ 8, 8, 9, 1 ]
,
[ 7, 1, 0, 5 ]
,
[ 4, 8, 8, 7 ]
]);
M[ 3 ]:=Matrix([
[ 1, 0, 8, 5 ]
,
[ 1, 3, 4, 0 ]
,
[ 10, 9, 6, 7 ]
,
[ 6, 1, 2, 1 ]
]);
M[ 4 ]:=Matrix([
[ 6, 5, 8, 7 ]
,
[ 4, 7, 6, 10 ]
,
[ 3, 1, 4, 2 ]
,
[ 2, 2, 1, 6 ]
]);
M[ 5 ]:=Matrix([
[ 1, 6, 9, 5 ]
,
[ 10, 8, 6, 6 ]
,
[ 1, 8, 1, 1 ]
,
[ 6, 10, 9, 1 ]
]);
M[ 6 ]:=Matrix([
[ 6, 10, 7, 7 ]
,
[ 2, 7, 9, 5 ]
,
[ 5, 8, 4, 7 ]
,
[ 2, 4, 5, 6 ]
]);
M[ 7 ]:=Matrix([
[ 1, 0, 0, 0 ]
,
[ 0, 3, 4, 0 ]
,
[ 0, 9, 8, 0 ]
,
[ 0, 0, 0, 1 ]
]);
M[ 8 ]:=Matrix([
[ 7, 1, 1, 9 ]
,
[ 8, 6, 5, 1 ]
,
[ 7, 3, 4, 5 ]
,
[ 4, 8, 8, 7 ]
]);
M[ 9 ]:=Matrix([
[ 1, 0, 8, 5 ]
,
[ 10, 1, 3, 6 ]
,
[ 1, 0, 7, 1 ]
,
[ 6, 1, 2, 1 ]
]);
M[ 10 ]:=Matrix([
[ 6, 5, 8, 7 ]
,
[ 2, 3, 1, 5 ]
,
[ 5, 5, 9, 7 ]
,
[ 2, 2, 1, 6 ]
]);
M[ 11 ]:=Matrix([
[ 1, 6, 9, 5 ]
,
[ 1, 1, 0, 0 ]
,
[ 10, 4, 7, 7 ]
,
[ 6, 10, 9, 1 ]
]);
M[ 12 ]:=Matrix([
[ 6, 10, 7, 7 ]
,
[ 4, 9, 10, 10 ]
,
[ 3, 6, 3, 2 ]
,
[ 2, 4, 5, 6 ]
]);
M_N2[ 1 ]:= M;
//------------
M:=[];
M[ 1 ]:=Matrix([
[ 1, 0, 0, 0 ]
,
[ 0, 1, 0, 0 ]
,
[ 0, 0, 1, 0 ]
,
[ 0, 0, 0, 1 ]
]);
M[ 2 ]:=Matrix([
[ 10, 0, 0, 0 ]
,
[ 0, 1, 0, 0 ]
,
[ 0, 0, 1, 0 ]
,
[ 0, 0, 0, 10 ]
]);
M[ 3 ]:=Matrix([
[ 0, 0, 0, 9 ]
,
[ 0, 1, 0, 0 ]
,
[ 0, 0, 1, 0 ]
,
[ 5, 0, 0, 0 ]
]);
M[ 4 ]:=Matrix([
[ 0, 0, 0, 2 ]
,
[ 0, 1, 0, 0 ]
,
[ 0, 0, 1, 0 ]
,
[ 6, 0, 0, 0 ]
]);
M_N2[ 2 ]:= M;
//------------
M:=[];
M[ 1 ]:=Matrix([
[ 1, 0, 0, 0 ]
,
[ 0, 1, 0, 0 ]
,
[ 0, 0, 1, 0 ]
,
[ 0, 0, 0, 1 ]
]);
M[ 2 ]:=Matrix([
[ 10, 0, 0, 0 ]
,
[ 0, 1, 0, 0 ]
,
[ 0, 0, 1, 0 ]
,
[ 0, 0, 0, 10 ]
]);
M[ 3 ]:=Matrix([
[ 0, 0, 0, 9 ]
,
[ 0, 1, 0, 0 ]
,
[ 0, 0, 1, 0 ]
,
[ 5, 0, 0, 0 ]
]);
M[ 4 ]:=Matrix([
[ 0, 0, 0, 2 ]
,
[ 0, 1, 0, 0 ]
,
[ 0, 0, 1, 0 ]
,
[ 6, 0, 0, 0 ]
]);
M_N2[ 3 ]:= M;
//------------
M:=[];
M[ 1 ]:=Matrix([
[ 1, 0, 0, 0 ]
,
[ 0, 1, 0, 0 ]
,
[ 0, 0, 1, 0 ]
,
[ 0, 0, 0, 1 ]
]);
M[ 2 ]:=Matrix([
[ 10, 1, 0, 6 ]
,
[ 4, 10, 7, 1 ]
,
[ 7, 2, 3, 0 ]
,
[ 3, 4, 8, 10 ]
]);
M[ 3 ]:=Matrix([
[ 10, 8, 5, 1 ]
,
[ 7, 4, 7, 5 ]
,
[ 5, 5, 3, 10 ]
,
[ 5, 7, 0, 5 ]
]);
M[ 4 ]:=Matrix([
[ 5, 5, 2, 1 ]
,
[ 7, 4, 1, 8 ]
,
[ 0, 2, 3, 3 ]
,
[ 5, 7, 1, 10 ]
]);
M_N2[ 4 ]:= M;
//------------
M:=[];
M[ 1 ]:=Matrix([
[ 1, 0, 0, 0 ]
,
[ 0, 1, 0, 0 ]
,
[ 0, 0, 1, 0 ]
,
[ 0, 0, 0, 1 ]
]);
M[ 2 ]:=Matrix([
[ 8, 8, 7, 2 ]
,
[ 5, 5, 0, 2 ]
,
[ 1, 5, 5, 10 ]
,
[ 2, 3, 5, 5 ]
]);
M[ 3 ]:=Matrix([
[ 5, 2, 2, 2 ]
,
[ 3, 5, 1, 8 ]
,
[ 3, 0, 5, 2 ]
,
[ 2, 5, 9, 8 ]
]);
M[ 4 ]:=Matrix([
[ 1, 0, 0, 0 ]
,
[ 7, 3, 7, 0 ]
,
[ 7, 2, 8, 0 ]
,
[ 8, 7, 8, 1 ]
]);
M[ 5 ]:=Matrix([
[ 5, 2, 2, 2 ]
,
[ 10, 7, 8, 8 ]
,
[ 10, 2, 1, 2 ]
,
[ 10, 1, 6, 8 ]
]);
M[ 6 ]:=Matrix([
[ 8, 8, 7, 2 ]
,
[ 1, 7, 7, 2 ]
,
[ 8, 7, 1, 10 ]
,
[ 10, 10, 2, 5 ]
]);
M_N2[ 5 ]:= M;
//------------
