M_N1:=[];
//------------
M:=[];
M[ 1 ]:=Matrix([
[ 1, 0, 0, 0 ]
,
[ 0, 1, 0, 0 ]
,
[ 0, 0, 1, 0 ]
,
[ 0, 0, 0, 1 ]
]);
M[ 2 ]:=Matrix([
[ 2, 7, 1, 2 ]
,
[ 10, 1, 5, 5 ]
,
[ 3, 5, 6, 1 ]
,
[ 7, 4, 3, 3 ]
]);
M[ 3 ]:=Matrix([
[ 3, 1, 5, 2 ]
,
[ 3, 6, 5, 1 ]
,
[ 4, 5, 1, 7 ]
,
[ 7, 3, 10, 2 ]
]);
M[ 4 ]:=Matrix([
[ 0, 3, 0, 10 ]
,
[ 0, 1, 0, 0 ]
,
[ 3, 2, 1, 3 ]
,
[ 10, 3, 0, 0 ]
]);
M[ 5 ]:=Matrix([
[ 1, 10, 1, 1 ]
,
[ 10, 1, 5, 5 ]
,
[ 6, 7, 6, 4 ]
,
[ 6, 7, 3, 2 ]
]);
M[ 6 ]:=Matrix([
[ 2, 4, 5, 1 ]
,
[ 3, 6, 5, 1 ]
,
[ 7, 7, 1, 10 ]
,
[ 6, 6, 10, 1 ]
]);
M_N1[ 1 ]:= M;
//------------
M:=[];
M[ 1 ]:=Matrix([
[ 1, 0, 0, 0 ]
,
[ 0, 1, 0, 0 ]
,
[ 0, 0, 1, 0 ]
,
[ 0, 0, 0, 1 ]
]);
M[ 2 ]:=Matrix([
[ 10, 0, 0, 0 ]
,
[ 0, 1, 0, 0 ]
,
[ 0, 0, 1, 0 ]
,
[ 0, 0, 0, 10 ]
]);
M_N1[ 2 ]:= M;
//------------
M:=[];
M[ 1 ]:=Matrix([
[ 1, 0, 0, 0 ]
,
[ 0, 1, 0, 0 ]
,
[ 0, 0, 1, 0 ]
,
[ 0, 0, 0, 1 ]
]);
M[ 2 ]:=Matrix([
[ 10, 0, 0, 0 ]
,
[ 0, 1, 0, 0 ]
,
[ 0, 0, 1, 0 ]
,
[ 0, 0, 0, 10 ]
]);
M[ 3 ]:=Matrix([
[ 0, 0, 0, 1 ]
,
[ 0, 0, 10, 0 ]
,
[ 0, 10, 0, 0 ]
,
[ 1, 0, 0, 0 ]
]);
M[ 4 ]:=Matrix([
[ 0, 0, 0, 10 ]
,
[ 0, 0, 10, 0 ]
,
[ 0, 10, 0, 0 ]
,
[ 10, 0, 0, 0 ]
]);
M[ 5 ]:=Matrix([
[ 6, 5, 5, 5 ]
,
[ 5, 6, 5, 5 ]
,
[ 5, 5, 6, 5 ]
,
[ 5, 5, 5, 6 ]
]);
M[ 6 ]:=Matrix([
[ 5, 6, 6, 6 ]
,
[ 5, 6, 5, 5 ]
,
[ 5, 5, 6, 5 ]
,
[ 6, 6, 6, 5 ]
]);
M[ 7 ]:=Matrix([
[ 6, 6, 6, 5 ]
,
[ 6, 6, 5, 6 ]
,
[ 6, 5, 6, 6 ]
,
[ 5, 6, 6, 6 ]
]);
M[ 8 ]:=Matrix([
[ 5, 5, 5, 6 ]
,
[ 6, 6, 5, 6 ]
,
[ 6, 5, 6, 6 ]
,
[ 6, 5, 5, 5 ]
]);
M_N1[ 3 ]:= M;
//------------
M:=[];
M[ 1 ]:=Matrix([
[ 1, 0, 0, 0 ]
,
[ 0, 1, 0, 0 ]
,
[ 0, 0, 1, 0 ]
,
[ 0, 0, 0, 1 ]
]);
M[ 2 ]:=Matrix([
[ 10, 6, 6, 3 ]
,
[ 10, 1, 6, 6 ]
,
[ 2, 10, 1, 6 ]
,
[ 9, 2, 10, 10 ]
]);
M_N1[ 4 ]:= M;
//------------
M:=[];
M[ 1 ]:=Matrix([
[ 1, 0, 0, 0 ]
,
[ 0, 1, 0, 0 ]
,
[ 0, 0, 1, 0 ]
,
[ 0, 0, 0, 1 ]
]);
M[ 2 ]:=Matrix([
[ 5, 7, 3, 9 ]
,
[ 8, 7, 7, 9 ]
,
[ 10, 3, 0, 0 ]
,
[ 6, 8, 0, 0 ]
]);
M[ 3 ]:=Matrix([
[ 0, 0, 9, 9 ]
,
[ 0, 0, 7, 3 ]
,
[ 8, 3, 7, 7 ]
,
[ 6, 10, 8, 5 ]
]);
M_N1[ 5 ]:= M;
//------------
M:=[];
M[ 1 ]:=Matrix([
[ 1, 0, 0, 0 ]
,
[ 0, 1, 0, 0 ]
,
[ 0, 0, 1, 0 ]
,
[ 0, 0, 0, 1 ]
]);
M[ 2 ]:=Matrix([
[ 2, 3, 10, 7 ]
,
[ 1, 9, 5, 10 ]
,
[ 5, 2, 9, 3 ]
,
[ 3, 5, 1, 2 ]
]);
M[ 3 ]:=Matrix([
[ 1, 5, 6, 3 ]
,
[ 0, 0, 1, 6 ]
,
[ 0, 1, 0, 5 ]
,
[ 0, 0, 0, 1 ]
]);
M[ 4 ]:=Matrix([
[ 2, 9, 4, 4 ]
,
[ 1, 10, 4, 4 ]
,
[ 5, 1, 10, 9 ]
,
[ 3, 5, 1, 2 ]
]);
M_N1[ 6 ]:= M;
//------------
M:=[];
M[ 1 ]:=Matrix([
[ 1, 0, 0, 0 ]
,
[ 0, 1, 0, 0 ]
,
[ 0, 0, 1, 0 ]
,
[ 0, 0, 0, 1 ]
]);
M[ 2 ]:=Matrix([
[ 5, 4, 8, 9 ]
,
[ 9, 9, 10, 1 ]
,
[ 2, 6, 4, 10 ]
,
[ 3, 3, 6, 5 ]
]);
M[ 3 ]:=Matrix([
[ 5, 10, 1, 9 ]
,
[ 6, 4, 10, 8 ]
,
[ 3, 6, 9, 4 ]
,
[ 3, 2, 9, 5 ]
]);
M[ 4 ]:=Matrix([
[ 1, 5, 8, 4 ]
,
[ 9, 10, 6, 8 ]
,
[ 2, 10, 10, 5 ]
,
[ 4, 2, 9, 1 ]
]);
M[ 5 ]:=Matrix([
[ 1, 10, 4, 4 ]
,
[ 6, 10, 2, 4 ]
,
[ 3, 8, 10, 10 ]
,
[ 4, 3, 6, 1 ]
]);
M[ 6 ]:=Matrix([
[ 5, 9, 5, 2 ]
,
[ 4, 6, 4, 5 ]
,
[ 5, 9, 6, 9 ]
,
[ 7, 5, 4, 5 ]
]);
M[ 7 ]:=Matrix([
[ 0, 0, 7, 10 ]
,
[ 3, 2, 0, 0 ]
,
[ 0, 0, 8, 6 ]
,
[ 6, 1, 0, 0 ]
]);
M[ 8 ]:=Matrix([
[ 6, 3, 5, 3 ]
,
[ 1, 6, 1, 5 ]
,
[ 5, 3, 6, 3 ]
,
[ 1, 5, 1, 6 ]
]);
M[ 9 ]:=Matrix([
[ 6, 9, 9, 3 ]
,
[ 4, 6, 5, 9 ]
,
[ 4, 5, 6, 9 ]
,
[ 1, 4, 4, 6 ]
]);
M[ 10 ]:=Matrix([
[ 0, 6, 0, 10 ]
,
[ 0, 8, 0, 7 ]
,
[ 1, 0, 2, 0 ]
,
[ 6, 0, 3, 0 ]
]);
M[ 11 ]:=Matrix([
[ 10, 2, 6, 1 ]
,
[ 10, 2, 3, 6 ]
,
[ 7, 4, 2, 2 ]
,
[ 4, 7, 10, 10 ]
]);
M[ 12 ]:=Matrix([
[ 7, 7, 10, 1 ]
,
[ 5, 5, 1, 10 ]
,
[ 9, 5, 5, 7 ]
,
[ 3, 9, 5, 7 ]
]);
M_N1[ 7 ]:= M;
//------------
M:=[];
M[ 1 ]:=Matrix([
[ 1, 0, 0, 0 ]
,
[ 0, 1, 0, 0 ]
,
[ 0, 0, 1, 0 ]
,
[ 0, 0, 0, 1 ]
]);
M[ 2 ]:=Matrix([
[ 4, 8, 6, 10 ]
,
[ 8, 8, 1, 10 ]
,
[ 1, 2, 0, 0 ]
,
[ 9, 9, 0, 0 ]
]);
M[ 3 ]:=Matrix([
[ 4, 1, 9, 6 ]
,
[ 3, 7, 4, 9 ]
,
[ 7, 10, 7, 1 ]
,
[ 3, 7, 3, 4 ]
]);
M[ 4 ]:=Matrix([
[ 3, 2, 7, 10 ]
,
[ 7, 6, 9, 8 ]
,
[ 6, 4, 1, 3 ]
,
[ 8, 10, 5, 2 ]
]);
M[ 5 ]:=Matrix([
[ 8, 8, 5, 6 ]
,
[ 10, 9, 9, 4 ]
,
[ 10, 10, 8, 3 ]
,
[ 4, 8, 1, 9 ]
]);
M[ 6 ]:=Matrix([
[ 1, 5, 1, 6 ]
,
[ 3, 8, 3, 3 ]
,
[ 1, 5, 4, 2 ]
,
[ 8, 3, 10, 10 ]
]);
M[ 7 ]:=Matrix([
[ 2, 3, 8, 10 ]
,
[ 5, 1, 9, 7 ]
,
[ 10, 4, 6, 2 ]
,
[ 8, 6, 7, 3 ]
]);
M[ 8 ]:=Matrix([
[ 8, 4, 2, 10 ]
,
[ 1, 3, 3, 2 ]
,
[ 6, 3, 3, 4 ]
,
[ 2, 6, 1, 8 ]
]);
M[ 9 ]:=Matrix([
[ 0, 0, 10, 10 ]
,
[ 0, 0, 1, 6 ]
,
[ 9, 2, 8, 8 ]
,
[ 9, 1, 8, 4 ]
]);
M[ 10 ]:=Matrix([
[ 9, 3, 4, 6 ]
,
[ 1, 8, 9, 5 ]
,
[ 8, 10, 9, 8 ]
,
[ 4, 10, 10, 8 ]
]);
M[ 11 ]:=Matrix([
[ 0, 5, 0, 5 ]
,
[ 7, 0, 4, 0 ]
,
[ 0, 8, 0, 5 ]
,
[ 2, 0, 7, 0 ]
]);
M[ 12 ]:=Matrix([
[ 10, 2, 3, 6 ]
,
[ 10, 4, 3, 1 ]
,
[ 3, 5, 8, 5 ]
,
[ 8, 1, 3, 1 ]
]);
M[ 13 ]:=Matrix([
[ 1, 5, 6, 3 ]
,
[ 0, 0, 1, 6 ]
,
[ 0, 1, 0, 5 ]
,
[ 0, 0, 0, 1 ]
]);
M[ 14 ]:=Matrix([
[ 0, 10, 0, 5 ]
,
[ 0, 1, 0, 0 ]
,
[ 9, 9, 1, 10 ]
,
[ 9, 9, 0, 0 ]
]);
M[ 15 ]:=Matrix([
[ 4, 7, 3, 3 ]
,
[ 3, 8, 3, 3 ]
,
[ 7, 9, 8, 7 ]
,
[ 3, 7, 3, 4 ]
]);
M[ 16 ]:=Matrix([
[ 10, 9, 7, 8 ]
,
[ 10, 9, 9, 4 ]
,
[ 3, 1, 1, 7 ]
,
[ 8, 10, 5, 2 ]
]);
M[ 17 ]:=Matrix([
[ 9, 5, 2, 5 ]
,
[ 1, 3, 3, 2 ]
,
[ 8, 5, 3, 5 ]
,
[ 4, 8, 1, 9 ]
]);
M[ 18 ]:=Matrix([
[ 2, 7, 4, 8 ]
,
[ 5, 1, 9, 7 ]
,
[ 10, 1, 9, 9 ]
,
[ 8, 3, 10, 10 ]
]);
M[ 19 ]:=Matrix([
[ 1, 6, 0, 0 ]
,
[ 3, 7, 4, 9 ]
,
[ 1, 9, 0, 0 ]
,
[ 8, 6, 7, 3 ]
]);
M[ 20 ]:=Matrix([
[ 0, 0, 5, 2 ]
,
[ 7, 6, 9, 8 ]
,
[ 0, 0, 8, 9 ]
,
[ 2, 6, 1, 8 ]
]);
M[ 21 ]:=Matrix([
[ 4, 4, 10, 1 ]
,
[ 8, 8, 1, 10 ]
,
[ 1, 5, 8, 4 ]
,
[ 9, 1, 8, 4 ]
]);
M[ 22 ]:=Matrix([
[ 8, 1, 1, 4 ]
,
[ 10, 4, 3, 1 ]
,
[ 10, 3, 4, 1 ]
,
[ 4, 10, 10, 8 ]
]);
M[ 23 ]:=Matrix([
[ 8, 9, 8, 2 ]
,
[ 1, 8, 9, 5 ]
,
[ 6, 0, 6, 0 ]
,
[ 2, 0, 7, 0 ]
]);
M[ 24 ]:=Matrix([
[ 3, 0, 9, 0 ]
,
[ 7, 0, 4, 0 ]
,
[ 6, 9, 7, 6 ]
,
[ 8, 1, 3, 1 ]
]);
M_N1[ 8 ]:= M;
//------------
