M_Dege:=[];
//------------
M:=[];
M[ 1 ]:=Matrix([
[ 1, 0, 0, 0 ]
,
[ 0, 1, 0, 0 ]
,
[ 0, 0, 1, 0 ]
,
[ 0, 0, 0, 1 ]
]);
M[ 2 ]:=Matrix([
[ 1, 0, 0, 0 ]
,
[ 0, 1, 0, 0 ]
,
[ 0, 0, 10, 0 ]
,
[ 0, 0, 0, 1 ]
]);
M[ 3 ]:=Matrix([
[ 1, 0, 0, 0 ]
,
[ 0, 0, 0, 1 ]
,
[ 0, 0, 1, 0 ]
,
[ 0, 1, 0, 0 ]
]);
M[ 4 ]:=Matrix([
[ 1, 0, 0, 0 ]
,
[ 0, 0, 0, 1 ]
,
[ 0, 0, 10, 0 ]
,
[ 0, 1, 0, 0 ]
]);
M[ 5 ]:=Matrix([
[ 1, 0, 0, 0 ]
,
[ 0, 1, 0, 0 ]
,
[ 0, 0, 10, 0 ]
,
[ 0, 0, 0, 1 ]
]);
M[ 6 ]:=Matrix([
[ 1, 0, 0, 0 ]
,
[ 0, 1, 0, 0 ]
,
[ 0, 0, 1, 0 ]
,
[ 0, 0, 0, 1 ]
]);
M[ 7 ]:=Matrix([
[ 1, 0, 0, 0 ]
,
[ 0, 0, 0, 1 ]
,
[ 0, 0, 10, 0 ]
,
[ 0, 1, 0, 0 ]
]);
M[ 8 ]:=Matrix([
[ 1, 0, 0, 0 ]
,
[ 0, 0, 0, 1 ]
,
[ 0, 0, 1, 0 ]
,
[ 0, 1, 0, 0 ]
]);
M_Dege[ 1 ]:= M;
//------------
M:=[];
M[ 1 ]:=Matrix([
[ 1, 0, 0, 0 ]
,
[ 0, 1, 0, 0 ]
,
[ 0, 0, 1, 0 ]
,
[ 0, 0, 0, 1 ]
]);
M[ 2 ]:=Matrix([
[ 1, 0, 0, 0 ]
,
[ 0, 1, 0, 0 ]
,
[ 0, 0, 10, 0 ]
,
[ 0, 0, 0, 1 ]
]);
M[ 3 ]:=Matrix([
[ 1, 0, 0, 0 ]
,
[ 0, 0, 0, 7 ]
,
[ 0, 0, 1, 0 ]
,
[ 0, 8, 0, 0 ]
]);
M[ 4 ]:=Matrix([
[ 1, 0, 0, 0 ]
,
[ 0, 0, 0, 7 ]
,
[ 0, 0, 10, 0 ]
,
[ 0, 8, 0, 0 ]
]);
M[ 5 ]:=Matrix([
[ 1, 0, 0, 0 ]
,
[ 0, 1, 0, 0 ]
,
[ 0, 0, 10, 0 ]
,
[ 0, 0, 0, 1 ]
]);
M[ 6 ]:=Matrix([
[ 1, 0, 0, 0 ]
,
[ 0, 1, 0, 0 ]
,
[ 0, 0, 1, 0 ]
,
[ 0, 0, 0, 1 ]
]);
M[ 7 ]:=Matrix([
[ 1, 0, 0, 0 ]
,
[ 0, 0, 0, 7 ]
,
[ 0, 0, 10, 0 ]
,
[ 0, 8, 0, 0 ]
]);
M[ 8 ]:=Matrix([
[ 1, 0, 0, 0 ]
,
[ 0, 0, 0, 7 ]
,
[ 0, 0, 1, 0 ]
,
[ 0, 8, 0, 0 ]
]);
M_Dege[ 2 ]:= M;
//------------
M:=[];
M[ 1 ]:=Matrix([
[ 1, 0, 0, 0 ]
,
[ 0, 1, 0, 0 ]
,
[ 0, 0, 1, 0 ]
,
[ 0, 0, 0, 1 ]
]);
M[ 2 ]:=Matrix([
[ 1, 0, 0, 0 ]
,
[ 0, 0, 0, 3 ]
,
[ 0, 0, 1, 0 ]
,
[ 0, 4, 0, 0 ]
]);
M[ 3 ]:=Matrix([
[ 1, 0, 0, 0 ]
,
[ 0, 7, 4, 2 ]
,
[ 0, 5, 7, 4 ]
,
[ 0, 10, 5, 7 ]
]);
M[ 4 ]:=Matrix([
[ 1, 0, 0, 0 ]
,
[ 0, 8, 4, 10 ]
,
[ 0, 5, 7, 4 ]
,
[ 0, 6, 5, 8 ]
]);
M[ 5 ]:=Matrix([
[ 1, 0, 0, 0 ]
,
[ 0, 1, 0, 0 ]
,
[ 0, 0, 1, 0 ]
,
[ 0, 0, 0, 1 ]
]);
M[ 6 ]:=Matrix([
[ 1, 0, 0, 0 ]
,
[ 0, 0, 0, 3 ]
,
[ 0, 0, 1, 0 ]
,
[ 0, 4, 0, 0 ]
]);
M[ 7 ]:=Matrix([
[ 1, 0, 0, 0 ]
,
[ 0, 7, 4, 2 ]
,
[ 0, 5, 7, 4 ]
,
[ 0, 10, 5, 7 ]
]);
M[ 8 ]:=Matrix([
[ 1, 0, 0, 0 ]
,
[ 0, 8, 4, 10 ]
,
[ 0, 5, 7, 4 ]
,
[ 0, 6, 5, 8 ]
]);
M_Dege[ 3 ]:= M;
//------------
M:=[];
M[ 1 ]:=Matrix([
[ 1, 0, 0, 0 ]
,
[ 0, 1, 0, 0 ]
,
[ 0, 0, 1, 0 ]
,
[ 0, 0, 0, 1 ]
]);
M[ 2 ]:=Matrix([
[ 1, 0, 0, 0 ]
,
[ 0, 1, 0, 0 ]
,
[ 0, 0, 10, 0 ]
,
[ 0, 0, 0, 1 ]
]);
M[ 3 ]:=Matrix([
[ 1, 0, 0, 0 ]
,
[ 0, 1, 0, 0 ]
,
[ 0, 0, 10, 0 ]
,
[ 0, 0, 0, 1 ]
]);
M[ 4 ]:=Matrix([
[ 1, 0, 0, 0 ]
,
[ 0, 1, 0, 0 ]
,
[ 0, 0, 1, 0 ]
,
[ 0, 0, 0, 1 ]
]);
M_Dege[ 4 ]:= M;
//------------
M:=[];
M[ 1 ]:=Matrix([
[ 1, 0, 0, 0 ]
,
[ 0, 1, 0, 0 ]
,
[ 0, 0, 1, 0 ]
,
[ 0, 0, 0, 1 ]
]);
M[ 2 ]:=Matrix([
[ 1, 0, 0, 0 ]
,
[ 0, 1, 0, 0 ]
,
[ 0, 0, 10, 0 ]
,
[ 0, 0, 0, 1 ]
]);
M[ 3 ]:=Matrix([
[ 1, 0, 0, 0 ]
,
[ 0, 1, 0, 0 ]
,
[ 0, 0, 10, 0 ]
,
[ 0, 0, 0, 1 ]
]);
M[ 4 ]:=Matrix([
[ 1, 0, 0, 0 ]
,
[ 0, 1, 0, 0 ]
,
[ 0, 0, 1, 0 ]
,
[ 0, 0, 0, 1 ]
]);
M_Dege[ 5 ]:= M;
//------------
M:=[];
M[ 1 ]:=Matrix([
[ 1, 0, 0, 0 ]
,
[ 0, 1, 0, 0 ]
,
[ 0, 0, 1, 0 ]
,
[ 0, 0, 0, 1 ]
]);
M[ 2 ]:=Matrix([
[ 1, 0, 0, 0 ]
,
[ 0, 1, 0, 0 ]
,
[ 0, 0, 1, 0 ]
,
[ 0, 0, 0, 1 ]
]);
M_Dege[ 6 ]:= M;
//------------
M:=[];
M[ 1 ]:=Matrix([
[ 1, 0, 0, 0 ]
,
[ 0, 1, 0, 0 ]
,
[ 0, 0, 1, 0 ]
,
[ 0, 0, 0, 1 ]
]);
M[ 2 ]:=Matrix([
[ 1, 0, 0, 0 ]
,
[ 0, 7, 1, 7 ]
,
[ 0, 9, 7, 1 ]
,
[ 0, 6, 9, 7 ]
]);
M[ 3 ]:=Matrix([
[ 1, 0, 0, 0 ]
,
[ 0, 1, 0, 0 ]
,
[ 0, 0, 1, 0 ]
,
[ 0, 0, 0, 1 ]
]);
M[ 4 ]:=Matrix([
[ 1, 0, 0, 0 ]
,
[ 0, 7, 1, 7 ]
,
[ 0, 9, 7, 1 ]
,
[ 0, 6, 9, 7 ]
]);
M_Dege[ 7 ]:= M;
//------------
M:=[];
M[ 1 ]:=Matrix([
[ 1, 0, 0, 0 ]
,
[ 0, 1, 0, 0 ]
,
[ 0, 0, 1, 0 ]
,
[ 0, 0, 0, 1 ]
]);
M[ 2 ]:=Matrix([
[ 1, 0, 0, 0 ]
,
[ 0, 1, 0, 0 ]
,
[ 0, 0, 1, 0 ]
,
[ 0, 0, 0, 1 ]
]);
M_Dege[ 8 ]:= M;
//------------
M:=[];
M[ 1 ]:=Matrix([
[ 1, 0, 0, 0 ]
,
[ 0, 1, 0, 0 ]
,
[ 0, 0, 1, 0 ]
,
[ 0, 0, 0, 1 ]
]);
M[ 2 ]:=Matrix([
[ 1, 0, 0, 0 ]
,
[ 0, 1, 9, 9 ]
,
[ 0, 1, 10, 0 ]
,
[ 0, 5, 0, 0 ]
]);
M[ 3 ]:=Matrix([
[ 1, 0, 0, 0 ]
,
[ 0, 6, 5, 8 ]
,
[ 0, 3, 7, 3 ]
,
[ 0, 2, 4, 7 ]
]);
M[ 4 ]:=Matrix([
[ 1, 0, 0, 0 ]
,
[ 0, 7, 3, 8 ]
,
[ 0, 4, 7, 5 ]
,
[ 0, 2, 3, 6 ]
]);
M[ 5 ]:=Matrix([
[ 1, 0, 0, 0 ]
,
[ 0, 0, 0, 9 ]
,
[ 0, 0, 10, 9 ]
,
[ 0, 5, 1, 1 ]
]);
M[ 6 ]:=Matrix([
[ 1, 0, 0, 0 ]
,
[ 0, 7, 5, 10 ]
,
[ 0, 3, 9, 5 ]
,
[ 0, 8, 3, 7 ]
]);
M[ 7 ]:=Matrix([
[ 1, 0, 0, 0 ]
,
[ 0, 1, 0, 0 ]
,
[ 0, 0, 1, 0 ]
,
[ 0, 0, 0, 1 ]
]);
M[ 8 ]:=Matrix([
[ 1, 0, 0, 0 ]
,
[ 0, 1, 9, 9 ]
,
[ 0, 1, 10, 0 ]
,
[ 0, 5, 0, 0 ]
]);
M[ 9 ]:=Matrix([
[ 1, 0, 0, 0 ]
,
[ 0, 6, 5, 8 ]
,
[ 0, 3, 7, 3 ]
,
[ 0, 2, 4, 7 ]
]);
M[ 10 ]:=Matrix([
[ 1, 0, 0, 0 ]
,
[ 0, 7, 3, 8 ]
,
[ 0, 4, 7, 5 ]
,
[ 0, 2, 3, 6 ]
]);
M[ 11 ]:=Matrix([
[ 1, 0, 0, 0 ]
,
[ 0, 0, 0, 9 ]
,
[ 0, 0, 10, 9 ]
,
[ 0, 5, 1, 1 ]
]);
M[ 12 ]:=Matrix([
[ 1, 0, 0, 0 ]
,
[ 0, 7, 5, 10 ]
,
[ 0, 3, 9, 5 ]
,
[ 0, 8, 3, 7 ]
]);
M_Dege[ 9 ]:= M;
//------------
M:=[];
M[ 1 ]:=Matrix([
[ 1, 0, 0, 0 ]
,
[ 0, 1, 0, 0 ]
,
[ 0, 0, 1, 0 ]
,
[ 0, 0, 0, 1 ]
]);
M[ 2 ]:=Matrix([
[ 1, 0, 0, 0 ]
,
[ 0, 1, 0, 0 ]
,
[ 0, 0, 10, 0 ]
,
[ 0, 0, 0, 1 ]
]);
M[ 3 ]:=Matrix([
[ 1, 0, 0, 0 ]
,
[ 0, 0, 0, 7 ]
,
[ 0, 0, 1, 0 ]
,
[ 0, 8, 0, 0 ]
]);
M[ 4 ]:=Matrix([
[ 1, 0, 0, 0 ]
,
[ 0, 0, 0, 7 ]
,
[ 0, 0, 10, 0 ]
,
[ 0, 8, 0, 0 ]
]);
M[ 5 ]:=Matrix([
[ 1, 0, 0, 0 ]
,
[ 0, 3, 2, 3 ]
,
[ 0, 5, 6, 2 ]
,
[ 0, 5, 5, 3 ]
]);
M[ 6 ]:=Matrix([
[ 1, 0, 0, 0 ]
,
[ 0, 3, 2, 3 ]
,
[ 0, 6, 5, 9 ]
,
[ 0, 5, 5, 3 ]
]);
M[ 7 ]:=Matrix([
[ 1, 0, 0, 0 ]
,
[ 0, 2, 9, 10 ]
,
[ 0, 5, 5, 2 ]
,
[ 0, 2, 6, 2 ]
]);
M[ 8 ]:=Matrix([
[ 1, 0, 0, 0 ]
,
[ 0, 2, 9, 10 ]
,
[ 0, 6, 6, 9 ]
,
[ 0, 2, 6, 2 ]
]);
M[ 9 ]:=Matrix([
[ 1, 0, 0, 0 ]
,
[ 0, 2, 2, 10 ]
,
[ 0, 6, 5, 9 ]
,
[ 0, 2, 5, 2 ]
]);
M[ 10 ]:=Matrix([
[ 1, 0, 0, 0 ]
,
[ 0, 2, 2, 10 ]
,
[ 0, 5, 6, 2 ]
,
[ 0, 2, 5, 2 ]
]);
M[ 11 ]:=Matrix([
[ 1, 0, 0, 0 ]
,
[ 0, 3, 9, 3 ]
,
[ 0, 6, 6, 9 ]
,
[ 0, 5, 6, 3 ]
]);
M[ 12 ]:=Matrix([
[ 1, 0, 0, 0 ]
,
[ 0, 3, 9, 3 ]
,
[ 0, 5, 5, 2 ]
,
[ 0, 5, 6, 3 ]
]);
M[ 13 ]:=Matrix([
[ 1, 0, 0, 0 ]
,
[ 0, 1, 0, 0 ]
,
[ 0, 0, 10, 0 ]
,
[ 0, 0, 0, 1 ]
]);
M[ 14 ]:=Matrix([
[ 1, 0, 0, 0 ]
,
[ 0, 1, 0, 0 ]
,
[ 0, 0, 1, 0 ]
,
[ 0, 0, 0, 1 ]
]);
M[ 15 ]:=Matrix([
[ 1, 0, 0, 0 ]
,
[ 0, 0, 0, 7 ]
,
[ 0, 0, 10, 0 ]
,
[ 0, 8, 0, 0 ]
]);
M[ 16 ]:=Matrix([
[ 1, 0, 0, 0 ]
,
[ 0, 0, 0, 7 ]
,
[ 0, 0, 1, 0 ]
,
[ 0, 8, 0, 0 ]
]);
M[ 17 ]:=Matrix([
[ 1, 0, 0, 0 ]
,
[ 0, 3, 2, 3 ]
,
[ 0, 6, 5, 9 ]
,
[ 0, 5, 5, 3 ]
]);
M[ 18 ]:=Matrix([
[ 1, 0, 0, 0 ]
,
[ 0, 3, 2, 3 ]
,
[ 0, 5, 6, 2 ]
,
[ 0, 5, 5, 3 ]
]);
M[ 19 ]:=Matrix([
[ 1, 0, 0, 0 ]
,
[ 0, 2, 9, 10 ]
,
[ 0, 6, 6, 9 ]
,
[ 0, 2, 6, 2 ]
]);
M[ 20 ]:=Matrix([
[ 1, 0, 0, 0 ]
,
[ 0, 2, 9, 10 ]
,
[ 0, 5, 5, 2 ]
,
[ 0, 2, 6, 2 ]
]);
M[ 21 ]:=Matrix([
[ 1, 0, 0, 0 ]
,
[ 0, 2, 2, 10 ]
,
[ 0, 5, 6, 2 ]
,
[ 0, 2, 5, 2 ]
]);
M[ 22 ]:=Matrix([
[ 1, 0, 0, 0 ]
,
[ 0, 2, 2, 10 ]
,
[ 0, 6, 5, 9 ]
,
[ 0, 2, 5, 2 ]
]);
M[ 23 ]:=Matrix([
[ 1, 0, 0, 0 ]
,
[ 0, 3, 9, 3 ]
,
[ 0, 5, 5, 2 ]
,
[ 0, 5, 6, 3 ]
]);
M[ 24 ]:=Matrix([
[ 1, 0, 0, 0 ]
,
[ 0, 3, 9, 3 ]
,
[ 0, 6, 6, 9 ]
,
[ 0, 5, 6, 3 ]
]);
M_Dege[ 10 ]:= M;
//------------
M:=[];
M[ 1 ]:=Matrix([
[ 1, 0, 0, 0 ]
,
[ 0, 1, 0, 0 ]
,
[ 0, 0, 1, 0 ]
,
[ 0, 0, 0, 1 ]
]);
M[ 2 ]:=Matrix([
[ 1, 0, 0, 0 ]
,
[ 0, 0, 0, 6 ]
,
[ 0, 0, 1, 0 ]
,
[ 0, 2, 0, 0 ]
]);
M[ 3 ]:=Matrix([
[ 1, 0, 0, 0 ]
,
[ 0, 7, 6, 10 ]
,
[ 0, 8, 9, 6 ]
,
[ 0, 8, 8, 7 ]
]);
M[ 4 ]:=Matrix([
[ 1, 0, 0, 0 ]
,
[ 0, 5, 1, 1 ]
,
[ 0, 6, 0, 1 ]
,
[ 0, 3, 6, 5 ]
]);
M[ 5 ]:=Matrix([
[ 1, 0, 0, 0 ]
,
[ 0, 9, 8, 5 ]
,
[ 0, 5, 3, 8 ]
,
[ 0, 9, 5, 9 ]
]);
M[ 6 ]:=Matrix([
[ 1, 0, 0, 0 ]
,
[ 0, 4, 4, 9 ]
,
[ 0, 8, 9, 6 ]
,
[ 0, 3, 1, 9 ]
]);
M[ 7 ]:=Matrix([
[ 1, 0, 0, 0 ]
,
[ 0, 2, 1, 8 ]
,
[ 0, 2, 0, 3 ]
,
[ 0, 10, 6, 7 ]
]);
M[ 8 ]:=Matrix([
[ 1, 0, 0, 0 ]
,
[ 0, 5, 3, 9 ]
,
[ 0, 2, 0, 3 ]
,
[ 0, 4, 2, 5 ]
]);
M[ 9 ]:=Matrix([
[ 1, 0, 0, 0 ]
,
[ 0, 10, 8, 10 ]
,
[ 0, 5, 3, 8 ]
,
[ 0, 7, 5, 10 ]
]);
M[ 10 ]:=Matrix([
[ 1, 0, 0, 0 ]
,
[ 0, 7, 4, 2 ]
,
[ 0, 1, 9, 4 ]
,
[ 0, 7, 1, 7 ]
]);
M[ 11 ]:=Matrix([
[ 1, 0, 0, 0 ]
,
[ 0, 7, 3, 8 ]
,
[ 0, 6, 0, 1 ]
,
[ 0, 10, 2, 2 ]
]);
M[ 12 ]:=Matrix([
[ 1, 0, 0, 0 ]
,
[ 0, 9, 6, 9 ]
,
[ 0, 1, 9, 4 ]
,
[ 0, 3, 8, 4 ]
]);
M[ 13 ]:=Matrix([
[ 1, 0, 0, 0 ]
,
[ 0, 1, 0, 0 ]
,
[ 0, 0, 1, 0 ]
,
[ 0, 0, 0, 1 ]
]);
M[ 14 ]:=Matrix([
[ 1, 0, 0, 0 ]
,
[ 0, 0, 0, 6 ]
,
[ 0, 0, 1, 0 ]
,
[ 0, 2, 0, 0 ]
]);
M[ 15 ]:=Matrix([
[ 1, 0, 0, 0 ]
,
[ 0, 7, 6, 10 ]
,
[ 0, 8, 9, 6 ]
,
[ 0, 8, 8, 7 ]
]);
M[ 16 ]:=Matrix([
[ 1, 0, 0, 0 ]
,
[ 0, 5, 1, 1 ]
,
[ 0, 6, 0, 1 ]
,
[ 0, 3, 6, 5 ]
]);
M[ 17 ]:=Matrix([
[ 1, 0, 0, 0 ]
,
[ 0, 9, 8, 5 ]
,
[ 0, 5, 3, 8 ]
,
[ 0, 9, 5, 9 ]
]);
M[ 18 ]:=Matrix([
[ 1, 0, 0, 0 ]
,
[ 0, 4, 4, 9 ]
,
[ 0, 8, 9, 6 ]
,
[ 0, 3, 1, 9 ]
]);
M[ 19 ]:=Matrix([
[ 1, 0, 0, 0 ]
,
[ 0, 2, 1, 8 ]
,
[ 0, 2, 0, 3 ]
,
[ 0, 10, 6, 7 ]
]);
M[ 20 ]:=Matrix([
[ 1, 0, 0, 0 ]
,
[ 0, 5, 3, 9 ]
,
[ 0, 2, 0, 3 ]
,
[ 0, 4, 2, 5 ]
]);
M[ 21 ]:=Matrix([
[ 1, 0, 0, 0 ]
,
[ 0, 10, 8, 10 ]
,
[ 0, 5, 3, 8 ]
,
[ 0, 7, 5, 10 ]
]);
M[ 22 ]:=Matrix([
[ 1, 0, 0, 0 ]
,
[ 0, 7, 4, 2 ]
,
[ 0, 1, 9, 4 ]
,
[ 0, 7, 1, 7 ]
]);
M[ 23 ]:=Matrix([
[ 1, 0, 0, 0 ]
,
[ 0, 7, 3, 8 ]
,
[ 0, 6, 0, 1 ]
,
[ 0, 10, 2, 2 ]
]);
M[ 24 ]:=Matrix([
[ 1, 0, 0, 0 ]
,
[ 0, 9, 6, 9 ]
,
[ 0, 1, 9, 4 ]
,
[ 0, 3, 8, 4 ]
]);
M_Dege[ 11 ]:= M;
//------------
M:=[];
M[ 1 ]:=Matrix([
[ 1, 0, 0, 0 ]
,
[ 0, 1, 0, 0 ]
,
[ 0, 0, 1, 0 ]
,
[ 0, 0, 0, 1 ]
]);
M[ 2 ]:=Matrix([
[ 1, 0, 0, 0 ]
,
[ 0, 1, 0, 0 ]
,
[ 0, 0, 10, 0 ]
,
[ 0, 0, 0, 1 ]
]);
M[ 3 ]:=Matrix([
[ 1, 0, 0, 0 ]
,
[ 0, 0, 0, 3 ]
,
[ 0, 0, 1, 0 ]
,
[ 0, 4, 0, 0 ]
]);
M[ 4 ]:=Matrix([
[ 1, 0, 0, 0 ]
,
[ 0, 0, 0, 3 ]
,
[ 0, 0, 10, 0 ]
,
[ 0, 4, 0, 0 ]
]);
M[ 5 ]:=Matrix([
[ 1, 0, 0, 0 ]
,
[ 0, 3, 2, 3 ]
,
[ 0, 5, 6, 2 ]
,
[ 0, 5, 5, 3 ]
]);
M[ 6 ]:=Matrix([
[ 1, 0, 0, 0 ]
,
[ 0, 3, 2, 3 ]
,
[ 0, 6, 5, 9 ]
,
[ 0, 5, 5, 3 ]
]);
M[ 7 ]:=Matrix([
[ 1, 0, 0, 0 ]
,
[ 0, 3, 4, 1 ]
,
[ 0, 8, 6, 4 ]
,
[ 0, 4, 8, 3 ]
]);
M[ 8 ]:=Matrix([
[ 1, 0, 0, 0 ]
,
[ 0, 3, 4, 1 ]
,
[ 0, 3, 5, 7 ]
,
[ 0, 4, 8, 3 ]
]);
M[ 9 ]:=Matrix([
[ 1, 0, 0, 0 ]
,
[ 0, 4, 7, 9 ]
,
[ 0, 5, 5, 2 ]
,
[ 0, 1, 3, 1 ]
]);
M[ 10 ]:=Matrix([
[ 1, 0, 0, 0 ]
,
[ 0, 4, 7, 9 ]
,
[ 0, 6, 6, 9 ]
,
[ 0, 1, 3, 1 ]
]);
M[ 11 ]:=Matrix([
[ 1, 0, 0, 0 ]
,
[ 0, 5, 2, 4 ]
,
[ 0, 8, 0, 9 ]
,
[ 0, 9, 3, 5 ]
]);
M[ 12 ]:=Matrix([
[ 1, 0, 0, 0 ]
,
[ 0, 5, 2, 4 ]
,
[ 0, 3, 0, 2 ]
,
[ 0, 9, 3, 5 ]
]);
M[ 13 ]:=Matrix([
[ 1, 0, 0, 0 ]
,
[ 0, 1, 2, 9 ]
,
[ 0, 3, 5, 7 ]
,
[ 0, 1, 5, 4 ]
]);
M[ 14 ]:=Matrix([
[ 1, 0, 0, 0 ]
,
[ 0, 1, 2, 9 ]
,
[ 0, 8, 6, 4 ]
,
[ 0, 1, 5, 4 ]
]);
M[ 15 ]:=Matrix([
[ 1, 0, 0, 0 ]
,
[ 0, 1, 9, 9 ]
,
[ 0, 8, 5, 4 ]
,
[ 0, 1, 6, 4 ]
]);
M[ 16 ]:=Matrix([
[ 1, 0, 0, 0 ]
,
[ 0, 1, 9, 9 ]
,
[ 0, 3, 6, 7 ]
,
[ 0, 1, 6, 4 ]
]);
M[ 17 ]:=Matrix([
[ 1, 0, 0, 0 ]
,
[ 0, 5, 9, 4 ]
,
[ 0, 3, 0, 2 ]
,
[ 0, 9, 8, 5 ]
]);
M[ 18 ]:=Matrix([
[ 1, 0, 0, 0 ]
,
[ 0, 5, 9, 4 ]
,
[ 0, 8, 0, 9 ]
,
[ 0, 9, 8, 5 ]
]);
M[ 19 ]:=Matrix([
[ 1, 0, 0, 0 ]
,
[ 0, 4, 4, 9 ]
,
[ 0, 6, 5, 9 ]
,
[ 0, 1, 8, 1 ]
]);
M[ 20 ]:=Matrix([
[ 1, 0, 0, 0 ]
,
[ 0, 4, 4, 9 ]
,
[ 0, 5, 6, 2 ]
,
[ 0, 1, 8, 1 ]
]);
M[ 21 ]:=Matrix([
[ 1, 0, 0, 0 ]
,
[ 0, 3, 7, 1 ]
,
[ 0, 3, 6, 7 ]
,
[ 0, 4, 3, 3 ]
]);
M[ 22 ]:=Matrix([
[ 1, 0, 0, 0 ]
,
[ 0, 3, 7, 1 ]
,
[ 0, 8, 5, 4 ]
,
[ 0, 4, 3, 3 ]
]);
M[ 23 ]:=Matrix([
[ 1, 0, 0, 0 ]
,
[ 0, 3, 9, 3 ]
,
[ 0, 6, 6, 9 ]
,
[ 0, 5, 6, 3 ]
]);
M[ 24 ]:=Matrix([
[ 1, 0, 0, 0 ]
,
[ 0, 3, 9, 3 ]
,
[ 0, 5, 5, 2 ]
,
[ 0, 5, 6, 3 ]
]);
M[ 25 ]:=Matrix([
[ 1, 0, 0, 0 ]
,
[ 0, 1, 0, 0 ]
,
[ 0, 0, 10, 0 ]
,
[ 0, 0, 0, 1 ]
]);
M[ 26 ]:=Matrix([
[ 1, 0, 0, 0 ]
,
[ 0, 1, 0, 0 ]
,
[ 0, 0, 1, 0 ]
,
[ 0, 0, 0, 1 ]
]);
M[ 27 ]:=Matrix([
[ 1, 0, 0, 0 ]
,
[ 0, 0, 0, 3 ]
,
[ 0, 0, 10, 0 ]
,
[ 0, 4, 0, 0 ]
]);
M[ 28 ]:=Matrix([
[ 1, 0, 0, 0 ]
,
[ 0, 0, 0, 3 ]
,
[ 0, 0, 1, 0 ]
,
[ 0, 4, 0, 0 ]
]);
M[ 29 ]:=Matrix([
[ 1, 0, 0, 0 ]
,
[ 0, 3, 2, 3 ]
,
[ 0, 6, 5, 9 ]
,
[ 0, 5, 5, 3 ]
]);
M[ 30 ]:=Matrix([
[ 1, 0, 0, 0 ]
,
[ 0, 3, 2, 3 ]
,
[ 0, 5, 6, 2 ]
,
[ 0, 5, 5, 3 ]
]);
M[ 31 ]:=Matrix([
[ 1, 0, 0, 0 ]
,
[ 0, 3, 4, 1 ]
,
[ 0, 3, 5, 7 ]
,
[ 0, 4, 8, 3 ]
]);
M[ 32 ]:=Matrix([
[ 1, 0, 0, 0 ]
,
[ 0, 3, 4, 1 ]
,
[ 0, 8, 6, 4 ]
,
[ 0, 4, 8, 3 ]
]);
M[ 33 ]:=Matrix([
[ 1, 0, 0, 0 ]
,
[ 0, 4, 7, 9 ]
,
[ 0, 6, 6, 9 ]
,
[ 0, 1, 3, 1 ]
]);
M[ 34 ]:=Matrix([
[ 1, 0, 0, 0 ]
,
[ 0, 4, 7, 9 ]
,
[ 0, 5, 5, 2 ]
,
[ 0, 1, 3, 1 ]
]);
M[ 35 ]:=Matrix([
[ 1, 0, 0, 0 ]
,
[ 0, 5, 2, 4 ]
,
[ 0, 3, 0, 2 ]
,
[ 0, 9, 3, 5 ]
]);
M[ 36 ]:=Matrix([
[ 1, 0, 0, 0 ]
,
[ 0, 5, 2, 4 ]
,
[ 0, 8, 0, 9 ]
,
[ 0, 9, 3, 5 ]
]);
M[ 37 ]:=Matrix([
[ 1, 0, 0, 0 ]
,
[ 0, 1, 2, 9 ]
,
[ 0, 8, 6, 4 ]
,
[ 0, 1, 5, 4 ]
]);
M[ 38 ]:=Matrix([
[ 1, 0, 0, 0 ]
,
[ 0, 1, 2, 9 ]
,
[ 0, 3, 5, 7 ]
,
[ 0, 1, 5, 4 ]
]);
M[ 39 ]:=Matrix([
[ 1, 0, 0, 0 ]
,
[ 0, 1, 9, 9 ]
,
[ 0, 3, 6, 7 ]
,
[ 0, 1, 6, 4 ]
]);
M[ 40 ]:=Matrix([
[ 1, 0, 0, 0 ]
,
[ 0, 1, 9, 9 ]
,
[ 0, 8, 5, 4 ]
,
[ 0, 1, 6, 4 ]
]);
M[ 41 ]:=Matrix([
[ 1, 0, 0, 0 ]
,
[ 0, 5, 9, 4 ]
,
[ 0, 8, 0, 9 ]
,
[ 0, 9, 8, 5 ]
]);
M[ 42 ]:=Matrix([
[ 1, 0, 0, 0 ]
,
[ 0, 5, 9, 4 ]
,
[ 0, 3, 0, 2 ]
,
[ 0, 9, 8, 5 ]
]);
M[ 43 ]:=Matrix([
[ 1, 0, 0, 0 ]
,
[ 0, 4, 4, 9 ]
,
[ 0, 5, 6, 2 ]
,
[ 0, 1, 8, 1 ]
]);
M[ 44 ]:=Matrix([
[ 1, 0, 0, 0 ]
,
[ 0, 4, 4, 9 ]
,
[ 0, 6, 5, 9 ]
,
[ 0, 1, 8, 1 ]
]);
M[ 45 ]:=Matrix([
[ 1, 0, 0, 0 ]
,
[ 0, 3, 7, 1 ]
,
[ 0, 8, 5, 4 ]
,
[ 0, 4, 3, 3 ]
]);
M[ 46 ]:=Matrix([
[ 1, 0, 0, 0 ]
,
[ 0, 3, 7, 1 ]
,
[ 0, 3, 6, 7 ]
,
[ 0, 4, 3, 3 ]
]);
M[ 47 ]:=Matrix([
[ 1, 0, 0, 0 ]
,
[ 0, 3, 9, 3 ]
,
[ 0, 5, 5, 2 ]
,
[ 0, 5, 6, 3 ]
]);
M[ 48 ]:=Matrix([
[ 1, 0, 0, 0 ]
,
[ 0, 3, 9, 3 ]
,
[ 0, 6, 6, 9 ]
,
[ 0, 5, 6, 3 ]
]);
M_Dege[ 12 ]:= M;
//------------
M:=[];
M[ 1 ]:=Matrix([
[ 1, 0, 0, 0 ]
,
[ 0, 1, 0, 0 ]
,
[ 0, 0, 1, 0 ]
,
[ 0, 0, 0, 1 ]
]);
M[ 2 ]:=Matrix([
[ 1, 0, 0, 0 ]
,
[ 0, 9, 7, 4 ]
,
[ 0, 1, 1, 0 ]
,
[ 0, 3, 0, 0 ]
]);
M[ 3 ]:=Matrix([
[ 1, 0, 0, 0 ]
,
[ 0, 1, 4, 3 ]
,
[ 0, 10, 8, 4 ]
,
[ 0, 5, 10, 1 ]
]);
M[ 4 ]:=Matrix([
[ 1, 0, 0, 0 ]
,
[ 0, 0, 0, 4 ]
,
[ 0, 0, 1, 7 ]
,
[ 0, 3, 1, 9 ]
]);
M[ 5 ]:=Matrix([
[ 1, 0, 0, 0 ]
,
[ 0, 1, 0, 0 ]
,
[ 0, 0, 1, 0 ]
,
[ 0, 0, 0, 1 ]
]);
M[ 6 ]:=Matrix([
[ 1, 0, 0, 0 ]
,
[ 0, 9, 7, 4 ]
,
[ 0, 1, 1, 0 ]
,
[ 0, 3, 0, 0 ]
]);
M[ 7 ]:=Matrix([
[ 1, 0, 0, 0 ]
,
[ 0, 1, 4, 3 ]
,
[ 0, 10, 8, 4 ]
,
[ 0, 5, 10, 1 ]
]);
M[ 8 ]:=Matrix([
[ 1, 0, 0, 0 ]
,
[ 0, 0, 0, 4 ]
,
[ 0, 0, 1, 7 ]
,
[ 0, 3, 1, 9 ]
]);
M_Dege[ 13 ]:= M;
//------------
M:=[];
M[ 1 ]:=Matrix([
[ 1, 0, 0, 0 ]
,
[ 0, 1, 0, 0 ]
,
[ 0, 0, 1, 0 ]
,
[ 0, 0, 0, 1 ]
]);
M[ 2 ]:=Matrix([
[ 1, 0, 0, 0 ]
,
[ 0, 1, 4, 3 ]
,
[ 0, 10, 8, 4 ]
,
[ 0, 5, 10, 1 ]
]);
M[ 3 ]:=Matrix([
[ 1, 0, 0, 0 ]
,
[ 0, 1, 0, 0 ]
,
[ 0, 0, 1, 0 ]
,
[ 0, 0, 0, 1 ]
]);
M[ 4 ]:=Matrix([
[ 1, 0, 0, 0 ]
,
[ 0, 1, 4, 3 ]
,
[ 0, 10, 8, 4 ]
,
[ 0, 5, 10, 1 ]
]);
M_Dege[ 14 ]:= M;
//------------
M:=[];
M[ 1 ]:=Matrix([
[ 1, 0, 0, 0 ]
,
[ 0, 1, 0, 0 ]
,
[ 0, 0, 1, 0 ]
,
[ 0, 0, 0, 1 ]
]);
M[ 2 ]:=Matrix([
[ 1, 0, 0, 0 ]
,
[ 0, 5, 5, 3 ]
,
[ 0, 2, 3, 9 ]
,
[ 0, 4, 8, 3 ]
]);
M[ 3 ]:=Matrix([
[ 1, 0, 0, 0 ]
,
[ 0, 6, 9, 7 ]
,
[ 0, 8, 0, 9 ]
,
[ 0, 2, 8, 6 ]
]);
M[ 4 ]:=Matrix([
[ 1, 0, 0, 0 ]
,
[ 0, 3, 9, 3 ]
,
[ 0, 8, 3, 5 ]
,
[ 0, 4, 2, 5 ]
]);
M[ 5 ]:=Matrix([
[ 1, 0, 0, 0 ]
,
[ 0, 8, 7, 10 ]
,
[ 0, 5, 2, 3 ]
,
[ 0, 6, 10, 10 ]
]);
M[ 6 ]:=Matrix([
[ 1, 0, 0, 0 ]
,
[ 0, 10, 3, 10 ]
,
[ 0, 10, 2, 7 ]
,
[ 0, 6, 5, 8 ]
]);
M[ 7 ]:=Matrix([
[ 1, 0, 0, 0 ]
,
[ 0, 1, 0, 0 ]
,
[ 0, 0, 1, 0 ]
,
[ 0, 0, 0, 1 ]
]);
M[ 8 ]:=Matrix([
[ 1, 0, 0, 0 ]
,
[ 0, 5, 5, 3 ]
,
[ 0, 2, 3, 9 ]
,
[ 0, 4, 8, 3 ]
]);
M[ 9 ]:=Matrix([
[ 1, 0, 0, 0 ]
,
[ 0, 6, 9, 7 ]
,
[ 0, 8, 0, 9 ]
,
[ 0, 2, 8, 6 ]
]);
M[ 10 ]:=Matrix([
[ 1, 0, 0, 0 ]
,
[ 0, 3, 9, 3 ]
,
[ 0, 8, 3, 5 ]
,
[ 0, 4, 2, 5 ]
]);
M[ 11 ]:=Matrix([
[ 1, 0, 0, 0 ]
,
[ 0, 8, 7, 10 ]
,
[ 0, 5, 2, 3 ]
,
[ 0, 6, 10, 10 ]
]);
M[ 12 ]:=Matrix([
[ 1, 0, 0, 0 ]
,
[ 0, 10, 3, 10 ]
,
[ 0, 10, 2, 7 ]
,
[ 0, 6, 5, 8 ]
]);
M_Dege[ 15 ]:= M;
//------------
M:=[];
M[ 1 ]:=Matrix([
[ 1, 0, 0, 0 ]
,
[ 0, 1, 0, 0 ]
,
[ 0, 0, 1, 0 ]
,
[ 0, 0, 0, 1 ]
]);
M[ 2 ]:=Matrix([
[ 1, 0, 0, 0 ]
,
[ 0, 1, 8, 1 ]
,
[ 0, 8, 10, 0 ]
,
[ 0, 1, 0, 0 ]
]);
M[ 3 ]:=Matrix([
[ 1, 0, 0, 0 ]
,
[ 0, 0, 0, 1 ]
,
[ 0, 0, 10, 8 ]
,
[ 0, 1, 8, 1 ]
]);
M[ 4 ]:=Matrix([
[ 1, 0, 0, 0 ]
,
[ 0, 1, 0, 0 ]
,
[ 0, 0, 1, 0 ]
,
[ 0, 0, 0, 1 ]
]);
M[ 5 ]:=Matrix([
[ 1, 0, 0, 0 ]
,
[ 0, 1, 8, 1 ]
,
[ 0, 8, 10, 0 ]
,
[ 0, 1, 0, 0 ]
]);
M[ 6 ]:=Matrix([
[ 1, 0, 0, 0 ]
,
[ 0, 0, 0, 1 ]
,
[ 0, 0, 10, 8 ]
,
[ 0, 1, 8, 1 ]
]);
M_Dege[ 16 ]:= M;
//------------
M:=[];
M[ 1 ]:=Matrix([
[ 1, 0, 0, 0 ]
,
[ 0, 1, 0, 0 ]
,
[ 0, 0, 1, 0 ]
,
[ 0, 0, 0, 1 ]
]);
M[ 2 ]:=Matrix([
[ 1, 0, 0, 0 ]
,
[ 0, 3, 6, 5 ]
,
[ 0, 2, 3, 9 ]
,
[ 0, 3, 3, 4 ]
]);
M[ 3 ]:=Matrix([
[ 1, 0, 0, 0 ]
,
[ 0, 10, 0, 0 ]
,
[ 0, 8, 1, 0 ]
,
[ 0, 10, 8, 10 ]
]);
M[ 4 ]:=Matrix([
[ 1, 0, 0, 0 ]
,
[ 0, 7, 2, 6 ]
,
[ 0, 2, 9, 2 ]
,
[ 0, 6, 2, 7 ]
]);
M[ 5 ]:=Matrix([
[ 1, 0, 0, 0 ]
,
[ 0, 8, 5, 6 ]
,
[ 0, 4, 7, 5 ]
,
[ 0, 10, 4, 8 ]
]);
M[ 6 ]:=Matrix([
[ 1, 0, 0, 0 ]
,
[ 0, 4, 9, 5 ]
,
[ 0, 3, 3, 6 ]
,
[ 0, 3, 2, 3 ]
]);
M[ 7 ]:=Matrix([
[ 1, 0, 0, 0 ]
,
[ 0, 8, 4, 10 ]
,
[ 0, 8, 5, 4 ]
,
[ 0, 7, 8, 8 ]
]);
M[ 8 ]:=Matrix([
[ 1, 0, 0, 0 ]
,
[ 0, 3, 7, 1 ]
,
[ 0, 6, 4, 7 ]
,
[ 0, 5, 6, 3 ]
]);
M[ 9 ]:=Matrix([
[ 1, 0, 0, 0 ]
,
[ 0, 1, 0, 0 ]
,
[ 0, 0, 1, 0 ]
,
[ 0, 0, 0, 1 ]
]);
M[ 10 ]:=Matrix([
[ 1, 0, 0, 0 ]
,
[ 0, 3, 6, 5 ]
,
[ 0, 2, 3, 9 ]
,
[ 0, 3, 3, 4 ]
]);
M[ 11 ]:=Matrix([
[ 1, 0, 0, 0 ]
,
[ 0, 10, 0, 0 ]
,
[ 0, 8, 1, 0 ]
,
[ 0, 10, 8, 10 ]
]);
M[ 12 ]:=Matrix([
[ 1, 0, 0, 0 ]
,
[ 0, 7, 2, 6 ]
,
[ 0, 2, 9, 2 ]
,
[ 0, 6, 2, 7 ]
]);
M[ 13 ]:=Matrix([
[ 1, 0, 0, 0 ]
,
[ 0, 8, 5, 6 ]
,
[ 0, 4, 7, 5 ]
,
[ 0, 10, 4, 8 ]
]);
M[ 14 ]:=Matrix([
[ 1, 0, 0, 0 ]
,
[ 0, 4, 9, 5 ]
,
[ 0, 3, 3, 6 ]
,
[ 0, 3, 2, 3 ]
]);
M[ 15 ]:=Matrix([
[ 1, 0, 0, 0 ]
,
[ 0, 8, 4, 10 ]
,
[ 0, 8, 5, 4 ]
,
[ 0, 7, 8, 8 ]
]);
M[ 16 ]:=Matrix([
[ 1, 0, 0, 0 ]
,
[ 0, 3, 7, 1 ]
,
[ 0, 6, 4, 7 ]
,
[ 0, 5, 6, 3 ]
]);
M_Dege[ 17 ]:= M;
//------------
